# transform file /mnt/shared/Subjects/PY19N005_/mri/transforms/cc_up.lta
# created by chris on Mon Feb  3 10:42:48 2020

type      = 0 # LINEAR_VOX_TO_VOX
nxforms   = 1
mean      = 129.0000 136.0000 128.0000
sigma     = 10000.0000
1 4 4
9.990859627723694e-01 3.864182904362679e-02 1.828366704285145e-02 -8.913331031799316e+00 
-3.863535821437836e-02 9.992532730102539e-01 -7.070422871038318e-04 1.320484733581543e+01 
-1.829733327031136e-02 0.000000000000000e+00 9.998326897621155e-01 -5.994173884391785e-01 
0.000000000000000e+00 0.000000000000000e+00 0.000000000000000e+00 1.000000000000000e+00 
src volume info
valid = 1  # volume info valid
filename = /mnt/shared/Subjects/PY19N005_/mri/norm.mgz
volume = 256 256 256
voxelsize = 1.000000000000000e+00 1.000000000000000e+00 1.000000000000000e+00
xras   = -9.999999403953552e-01 0.000000000000000e+00 0.000000000000000e+00
yras   = 0.000000000000000e+00 0.000000000000000e+00 -9.999999403953552e-01
zras   = 0.000000000000000e+00 9.999999403953552e-01 0.000000000000000e+00
cras   = -4.067802429199219e+00 2.833899688720703e+01 4.172033691406250e+01
dst volume info
valid = 1  # volume info valid
filename = /mnt/shared/Subjects/PY19N005_/mri/norm.mgz
volume = 256 256 256
voxelsize = 1.000000000000000e+00 1.000000000000000e+00 1.000000000000000e+00
xras   = -9.999999403953552e-01 0.000000000000000e+00 0.000000000000000e+00
yras   = 0.000000000000000e+00 0.000000000000000e+00 -9.999999403953552e-01
zras   = 0.000000000000000e+00 9.999999403953552e-01 0.000000000000000e+00
cras   = -4.067802429199219e+00 2.833899688720703e+01 4.172033691406250e+01
