# transform file /home/adam2392/hdd2/Dropbox/epilepsy_bids/derivatives/freesurfer/la02/mri/transforms/cc_up.lta
# created by adam2392 on Mon Jun  1 03:06:04 2020

type      = 0 # LINEAR_VOX_TO_VOX
nxforms   = 1
mean      = 128.0000 118.0000 127.0000
sigma     = 10000.0000
1 4 4
9.986053109169006e-01 -5.243915319442749e-02 6.144654471427202e-03 4.749155044555664e+00 
5.243816226720810e-02 9.986241459846497e-01 3.226643602829427e-04 1.638326263427734e+01 
-6.153120659291744e-03 2.910383392618066e-11 9.999811649322510e-01 4.791016101837158e+00 
0.000000000000000e+00 0.000000000000000e+00 0.000000000000000e+00 1.000000000000000e+00 
src volume info
valid = 1  # volume info valid
filename = /home/adam2392/hdd2/Dropbox/epilepsy_bids/derivatives/freesurfer/la02/mri/norm.mgz
volume = 256 256 256
voxelsize = 1.000000000000000e+00 1.000000000000000e+00 1.000000000000000e+00
xras   = -9.999999403953552e-01 0.000000000000000e+00 0.000000000000000e+00
yras   = 0.000000000000000e+00 -1.490116119384766e-08 -1.000000000000000e+00
zras   = 0.000000000000000e+00 1.000000000000000e+00 0.000000000000000e+00
cras   = -1.181999206542969e+00 6.426681518554688e+00 3.164563751220703e+01
dst volume info
valid = 1  # volume info valid
filename = /home/adam2392/hdd2/Dropbox/epilepsy_bids/derivatives/freesurfer/la02/mri/norm.mgz
volume = 256 256 256
voxelsize = 1.000000000000000e+00 1.000000000000000e+00 1.000000000000000e+00
xras   = -9.999999403953552e-01 0.000000000000000e+00 0.000000000000000e+00
yras   = 0.000000000000000e+00 -1.490116119384766e-08 -1.000000000000000e+00
zras   = 0.000000000000000e+00 1.000000000000000e+00 0.000000000000000e+00
cras   = -1.181999206542969e+00 6.426681518554688e+00 3.164563751220703e+01
